0.0 0.0 -1060.8316557030832
0.0 100.0 -1059.5606939449103
0.0 200.0 -1056.889787238809
0.0 300.0 -1056.5510577520208
0.0 400.0 -1060.2161304073254
0.0 500.0 -1058.3846180989201
0.0 600.0 -1054.667999697094
0.0 700.0 -1059.1077869095432
0.0 800.0 -1059.3159670776222
0.0 900.0 -1063.2929296302004
0.0 1000.0 -1065.0655636044248
0.0 1100.0 -1067.3008269602522
0.0 1200.0 -1069.9191608389406
0.0 1300.0 -1068.2030097642539
0.0 1400.0 -1068.0770019271049
0.0 1500.0 -1067.3713431660765
0.0 1600.0 -1069.0722190035524
0.0 1700.0 -1069.0951589548515
0.0 1800.0 -1071.1254989710192
0.0 1900.0 -1075.4269938453785
0.0 2000.0 -1069.517886984755
0.0 2100.0 -1076.5815742152345
0.0 2200.0 -1070.2440750414651
0.0 2300.0 -1067.6891430854387
0.0 2400.0 -1065.6072907556634
0.0 2500.0 -1062.0082167558091
0.0 2600.0 -1058.0460520982231
0.0 2700.0 -1062.2256665333125
0.0 2800.0 -1064.3683708552567
0.0 2900.0 -1060.9273568732119
0.0 3000.0 -1073.3856865546679
0.0 3100.0 -1059.7347237862086
0.0 3200.0 -1060.1402749997067
0.0 3300.0 -1069.9174179746292
0.0 3400.0 -1060.2769335487592
0.0 3500.0 -1059.2091209259506
0.0 3600.0 -1056.0502830669677
0.0 3700.0 -1053.4691375096702
0.0 3800.0 -1053.2302066061936
0.0 3900.0 -1055.154270765413
0.0 4000.0 -1057.463384779832
0.0 4100.0 -1058.4365264037554
100.0 0.0 -1065.9255133567092
100.0 100.0 -1064.2858597355198
100.0 200.0 -1059.8246421633626
100.0 300.0 -1061.7931037382791
100.0 400.0 -1065.032467186566
100.0 500.0 -1067.8341969023757
100.0 600.0 -1060.8996587597144
100.0 700.0 -1070.3350214728923
100.0 800.0 -1068.6695568222353
100.0 900.0 -1068.0635568107073
100.0 1000.0 -1067.9987476525707
100.0 1100.0 -1069.1638219626398
100.0 1200.0 -1081.8066281771501
100.0 1300.0 -1069.002931637948
100.0 1400.0 -1073.429243936951
100.0 1500.0 -1069.6919671104315
100.0 1600.0 -1074.3738222783168
100.0 1700.0 -1072.4529495131424
100.0 1800.0 -1072.7444244640008
100.0 1900.0 -1072.6142327129583
100.0 2000.0 -1072.9790331680929
100.0 2100.0 -1085.0887646620404
100.0 2200.0 -1075.6925599198746
100.0 2300.0 -1073.3957845182942
100.0 2400.0 -1069.9564398054986
100.0 2500.0 -1073.9455856679642
100.0 2600.0 -1064.6282634508605
100.0 2700.0 -1065.2919015252019
100.0 2800.0 -1065.1248968455639
100.0 2900.0 -1065.0152914008193
100.0 3000.0 -1069.8013004065901
100.0 3100.0 -1065.9102723946683
100.0 3200.0 -1063.6807343519101
100.0 3300.0 -1058.4965715747796
100.0 3400.0 -1059.878886267629
100.0 3500.0 -1062.4752575243824
100.0 3600.0 -1058.3659688470084
100.0 3700.0 -1053.1260416821049
100.0 3800.0 -1054.3279519420141
100.0 3900.0 -1057.5834699574855
100.0 4000.0 -1060.4971531921894
100.0 4100.0 -1061.8087396653541
200.0 0.0 -1070.5440766142212
200.0 100.0 -1072.3673774506262
200.0 200.0 -1083.5409945792194
200.0 300.0 -1083.1947503685703
200.0 400.0 -1075.9226474310035
200.0 500.0 -1078.1674690706966
200.0 600.0 -1068.8074247118659
200.0 700.0 -1072.2185434978458
200.0 800.0 -1063.4548812845226
200.0 900.0 -1070.2493806103002
200.0 1000.0 -1071.5091283424549
200.0 1100.0 -1072.2994879257374
200.0 1200.0 -1074.4267598301371
200.0 1300.0 -1073.1016002933925
200.0 1400.0 -1069.5136023922653
200.0 1500.0 -1078.2331335110835
200.0 1600.0 -1085.8180171224478
200.0 1700.0 -1081.7397938450486
200.0 1800.0 -1081.2431474792945
200.0 1900.0 -1072.0057455460944
200.0 2000.0 -1071.616577500025
200.0 2100.0 -1075.251188529202
200.0 2200.0 -1079.7707877373891
200.0 2300.0 -1082.4808912265132
200.0 2400.0 -1069.7479679658713
200.0 2500.0 -1072.9866685071331
200.0 2600.0 -1077.8836948836038
200.0 2700.0 -1075.4095664415479
200.0 2800.0 -1083.9555096526026
200.0 2900.0 -1073.7870152492692
200.0 3000.0 -1070.0178548162364
200.0 3100.0 -1069.0292429307688
200.0 3200.0 -1065.5175196429595
200.0 3300.0 -1060.4891521106617
200.0 3400.0 -1061.5273814930385
200.0 3500.0 -1075.0667745212947
200.0 3600.0 -1063.4584900156231
200.0 3700.0 -1057.2390164044798
200.0 3800.0 -1059.4586681026428
200.0 3900.0 -1061.547321778713
200.0 4000.0 -1062.3852272954389
200.0 4100.0 -1067.2451596938472
300.0 0.0 -1068.4358787834765
300.0 100.0 -1079.9219578785285
300.0 200.0 -1083.2094997704016
300.0 300.0 -1084.1154536681988
300.0 400.0 -1093.3291276562331
300.0 500.0 -1088.7152180659045
300.0 600.0 -1083.0159491216518
300.0 700.0 -1070.1248109873829
300.0 800.0 -1074.4949790430849
300.0 900.0 -1075.4596681720229
300.0 1000.0 -1071.2412792779312
300.0 1100.0 -1078.7301508086534
300.0 1200.0 -1074.040371647432
300.0 1300.0 -1073.0845928909912
300.0 1400.0 -1071.8776842321458
300.0 1500.0 -1080.5782430772924
300.0 1600.0 -1084.2401146078269
300.0 1700.0 -1083.4124750643368
300.0 1800.0 -1091.1428126044812
300.0 1900.0 -1079.3033409226646
300.0 2000.0 -1082.6849418362569
300.0 2100.0 -1078.41220745238
300.0 2200.0 -1078.0174563297485
300.0 2300.0 -1074.0474976119517
300.0 2400.0 -1083.534070154747
300.0 2500.0 -1080.8125439458431
300.0 2600.0 -1079.7280981495858
300.0 2700.0 -1073.1892377712395
300.0 2800.0 -1068.6773936443331
300.0 2900.0 -1069.4945704530219
300.0 3000.0 -1068.625935720466
300.0 3100.0 -1065.6836923079209
300.0 3200.0 -1063.6240135156863
300.0 3300.0 -1062.3506423917361
300.0 3400.0 -1063.9669045550313
300.0 3500.0 -1065.3243559129032
300.0 3600.0 -1067.4668197325773
300.0 3700.0 -1061.5052555281259
300.0 3800.0 -1062.1941376218526
300.0 3900.0 -1068.6083114181572
300.0 4000.0 -1065.6078172732218
300.0 4100.0 -1077.1815004170664
400.0 0.0 -1076.4571068974669
400.0 100.0 -1075.9699660915544
400.0 200.0 -1088.8745785613576
400.0 300.0 -1082.0515903083347
400.0 400.0 -1086.6706127140715
400.0 500.0 -1086.3468223769171
400.0 600.0 -1085.7861094990426
400.0 700.0 -1082.5271090893909
400.0 800.0 -1080.0244522399619
400.0 900.0 -1084.6548369067918
400.0 1000.0 -1078.7064787254678
400.0 1100.0 -1073.4789953725847
400.0 1200.0 -1071.1852264531851
400.0 1300.0 -1074.3046906358788
400.0 1400.0 -1076.4134824252806
400.0 1500.0 -1090.1259384225975
400.0 1600.0 -1089.6569801878024
400.0 1700.0 -1093.0949659972541
400.0 1800.0 -1081.1898260264475
400.0 1900.0 -1083.1520494801846
400.0 2000.0 -1076.9216423348596
400.0 2100.0 -1070.4547270133955
400.0 2200.0 -1076.8230951151659
400.0 2300.0 -1073.9430841290914
400.0 2400.0 -1087.4257567579691
400.0 2500.0 -1085.9541182822468
400.0 2600.0 -1081.0875365138072
400.0 2700.0 -1076.3415378897419
400.0 2800.0 -1081.911570776459
400.0 2900.0 -1071.9084343075956
400.0 3000.0 -1070.5538695914906
400.0 3100.0 -1072.6981590412347
400.0 3200.0 -1073.9341101976397
400.0 3300.0 -1070.8893725581888
400.0 3400.0 -1070.9088390936104
400.0 3500.0 -1069.1975305614778
400.0 3600.0 -1066.8322564373002
400.0 3700.0 -1065.7982676464219
400.0 3800.0 -1077.2615512621906
400.0 3900.0 -1063.124732770822
400.0 4000.0 -1063.6173035134207
400.0 4100.0 -1076.6849784002566
500.0 0.0 -1073.1412926473429
500.0 100.0 -1086.8708567166429
500.0 200.0 -1086.8053147462967
500.0 300.0 -1082.9511848395391
500.0 400.0 -1083.8462931086792
500.0 500.0 -1081.9350731454172
500.0 600.0 -1080.6129697955796
500.0 700.0 -1081.1900039879963
500.0 800.0 -1097.8748681856691
500.0 900.0 -1072.6607358913245
500.0 1000.0 -1071.1477617227474
500.0 1100.0 -1075.1430520427714
500.0 1200.0 -1080.121518440601
500.0 1300.0 -1071.7440354716618
500.0 1400.0 -1074.8423210441495
500.0 1500.0 -1079.3178116144757
500.0 1600.0 -1084.6356468707702
500.0 1700.0 -1084.5768708707099
500.0 1800.0 -1079.7819406579388
500.0 1900.0 -1079.9753273977769
500.0 2000.0 -1075.6373086570206
500.0 2100.0 -1069.3521086156211
500.0 2200.0 -1072.3186777642504
500.0 2300.0 -1078.5310137120159
500.0 2400.0 -1104.1215253000803
500.0 2500.0 -1089.4895865786925
500.0 2600.0 -1081.1869734681077
500.0 2700.0 -1078.0664082371761
500.0 2800.0 -1076.3163009830319
500.0 2900.0 -1070.3048793333546
500.0 3000.0 -1072.0394882591993
500.0 3100.0 -1074.2807738087179
500.0 3200.0 -1081.0263000311138
500.0 3300.0 -1079.1151850054957
500.0 3400.0 -1081.5887728811238
500.0 3500.0 -1079.9138457875808
500.0 3600.0 -1070.4875817953473
500.0 3700.0 -1067.5136561636459
500.0 3800.0 -1064.8956662365358
500.0 3900.0 -1060.2798116294107
500.0 4000.0 -1062.0614124321996
500.0 4100.0 -1066.3794901897079
600.0 0.0 -1081.8592936452164
600.0 100.0 -1084.6164366145322
600.0 200.0 -1083.1673141978567
600.0 300.0 -1082.4831983236959
600.0 400.0 -1096.3286009119047
600.0 500.0 -1089.4658543991407
600.0 600.0 -1083.7436452526572
600.0 700.0 -1091.9162961760323
600.0 800.0 -1070.2471666083932
600.0 900.0 -1063.7306650690541
600.0 1000.0 -1060.59397978076
600.0 1100.0 -1069.2550186269152
600.0 1200.0 -1070.2280201269239
600.0 1300.0 -1079.1350406658498
600.0 1400.0 -1076.5947754550086
600.0 1500.0 -1081.2772328493907
600.0 1600.0 -1080.152168117306
600.0 1700.0 -1082.4643554915785
600.0 1800.0 -1078.8453018348252
600.0 1900.0 -1080.5058296639631
600.0 2000.0 -1088.1728010813977
600.0 2100.0 -1073.9941896219198
600.0 2200.0 -1080.6643098924446
600.0 2300.0 -1090.3059204477152
600.0 2400.0 -1090.1859392552014
600.0 2500.0 -1083.0706596072464
600.0 2600.0 -1087.7140598373051
600.0 2700.0 -1094.6861093925274
600.0 2800.0 -1088.1758669944575
600.0 2900.0 -1072.0620162170374
600.0 3000.0 -1067.2472288711242
600.0 3100.0 -1069.9855031406216
600.0 3200.0 -1078.996376041564
600.0 3300.0 -1074.1020948217313
600.0 3400.0 -1068.5622211158852
600.0 3500.0 -1069.9476597748942
600.0 3600.0 -1070.5904907079841
600.0 3700.0 -1067.4905621821897
600.0 3800.0 -1062.630484371934
600.0 3900.0 -1060.1275571556985
600.0 4000.0 -1062.246516136041
600.0 4100.0 -1064.6557450706914
700.0 0.0 -1078.7872093385445
700.0 100.0 -1081.4227682458657
700.0 200.0 -1083.4795126475101
700.0 300.0 -1092.743976640269
700.0 400.0 -1089.5095519623117
700.0 500.0 -1085.638498564449
700.0 600.0 -1091.299617313038
700.0 700.0 -1089.1150623304918
700.0 800.0 -1074.2938592481235
700.0 900.0 -1070.4645067021245
700.0 1000.0 -1064.1472566471161
700.0 1100.0 -1059.0993796486032
700.0 1200.0 -1064.4601964390424
700.0 1300.0 -1064.3978751409468
700.0 1400.0 -1073.7590096986169
700.0 1500.0 -1071.8460550014834
700.0 1600.0 -1074.9245499544661
700.0 1700.0 -1074.9705626612274
700.0 1800.0 -1081.2525545854407
700.0 1900.0 -1078.7800427948366
700.0 2000.0 -1065.3366844736354
700.0 2100.0 -1073.7644260924128
700.0 2200.0 -1079.5423343493783
700.0 2300.0 -1085.4105067845358
700.0 2400.0 -1089.6076452290331
700.0 2500.0 -1080.7775718214236
700.0 2600.0 -1091.2796865283467
700.0 2700.0 -1081.7454797104149
700.0 2800.0 -1078.762497703171
700.0 2900.0 -1085.0443510204348
700.0 3000.0 -1084.5639207750194
700.0 3100.0 -1077.1912465200871
700.0 3200.0 -1079.9539620020603
700.0 3300.0 -1072.0378473386779
700.0 3400.0 -1065.0991090487323
700.0 3500.0 -1069.421080246482
700.0 3600.0 -1079.5293367666754
700.0 3700.0 -1076.7413734445556
700.0 3800.0 -1066.6675857593336
700.0 3900.0 -1061.4282465988799
700.0 4000.0 -1062.1369760756545
700.0 4100.0 -1071.1154190684415
800.0 0.0 -1078.4541591202808
800.0 100.0 -1080.6695524391675
800.0 200.0 -1080.8301218652366
800.0 300.0 -1080.0350574667018
800.0 400.0 -1086.3651422170988
800.0 500.0 -1086.2291555754498
800.0 600.0 -1084.9586628407101
800.0 700.0 -1081.1664343027469
800.0 800.0 -1078.6171789546279
800.0 900.0 -1076.7053310241511
800.0 1000.0 -1071.0811683760116
800.0 1100.0 -1072.426900176607
800.0 1200.0 -1062.715701626714
800.0 1300.0 -1063.5731410052936
800.0 1400.0 -1065.6097467990362
800.0 1500.0 -1064.6638464820664
800.0 1600.0 -1071.7844110922338
800.0 1700.0 -1072.3581523739017
800.0 1800.0 -1069.9184707730858
800.0 1900.0 -1071.5554413138966
800.0 2000.0 -1076.2479875144265
800.0 2100.0 -1072.8612213539498
800.0 2200.0 -1080.1680464394142
800.0 2300.0 -1079.9843073493462
800.0 2400.0 -1080.3973624213511
800.0 2500.0 -1086.954593877851
800.0 2600.0 -1079.6991893918328
800.0 2700.0 -1075.6340153101103
800.0 2800.0 -1079.495525814933
800.0 2900.0 -1072.5867582414087
800.0 3000.0 -1076.3069992984956
800.0 3100.0 -1073.983661059614
800.0 3200.0 -1077.5110934126724
800.0 3300.0 -1073.8183412609478
800.0 3400.0 -1068.3864728607032
800.0 3500.0 -1072.3583518953701
800.0 3600.0 -1081.3997589874455
800.0 3700.0 -1068.6006517828366
800.0 3800.0 -1064.3228915831064
800.0 3900.0 -1063.0159046614242
800.0 4000.0 -1071.8509032333836
800.0 4100.0 -1066.9728751251432
900.0 0.0 -1079.4497961661327
900.0 100.0 -1084.5279598073198
900.0 200.0 -1083.3109129036056
900.0 300.0 -1079.5169597978258
900.0 400.0 -1084.6034001708786
900.0 500.0 -1081.878117751369
900.0 600.0 -1078.3645187991042
900.0 700.0 -1074.9882994073903
900.0 800.0 -1072.5278548408323
900.0 900.0 -1072.6476151493805
900.0 1000.0 -1085.4700342677422
900.0 1100.0 -1069.9188817901186
900.0 1200.0 -1063.628627239767
900.0 1300.0 -1065.9661216005761
900.0 1400.0 -1066.128359301613
900.0 1500.0 -1065.1928979653846
900.0 1600.0 -1062.8103444752289
900.0 1700.0 -1064.8970634699849
900.0 1800.0 -1060.6690525136744
900.0 1900.0 -1059.082580486574
900.0 2000.0 -1066.1966016102692
900.0 2100.0 -1072.5879248355961
900.0 2200.0 -1071.0395494094855
900.0 2300.0 -1075.4364331166973
900.0 2400.0 -1076.6704277582644
900.0 2500.0 -1077.4984004880168
900.0 2600.0 -1073.6435660597872
900.0 2700.0 -1072.6086060623602
900.0 2800.0 -1070.5484996390469
900.0 2900.0 -1076.0397575918798
900.0 3000.0 -1078.1073740486306
900.0 3100.0 -1075.1044772553705
900.0 3200.0 -1081.8673405188881
900.0 3300.0 -1076.5080119717848
900.0 3400.0 -1076.5543715680212
900.0 3500.0 -1074.6319218819824
900.0 3600.0 -1076.6524563198593
900.0 3700.0 -1073.8343648138125
900.0 3800.0 -1077.7196685218908
900.0 3900.0 -1063.2302637302246
900.0 4000.0 -1068.2781285127735
900.0 4100.0 -1062.944164498537
1000.0 0.0 -1076.1525571925961
1000.0 100.0 -1097.031748441982
1000.0 200.0 -1089.3568198544631
1000.0 300.0 -1086.1455213371578
1000.0 400.0 -1085.1821582279088
1000.0 500.0 -1077.786199248096
1000.0 600.0 -1073.3974267483263
1000.0 700.0 -1071.2376846905834
1000.0 800.0 -1069.5470923406615
1000.0 900.0 -1066.4778592402554
1000.0 1000.0 -1064.5538192562792
1000.0 1100.0 -1074.3116989643913
1000.0 1200.0 -1061.2607562722865
1000.0 1300.0 -1062.9976825824056
1000.0 1400.0 -1063.1944003603164
1000.0 1500.0 -1060.2719224684918
1000.0 1600.0 -1059.8373517360001
1000.0 1700.0 -1062.2020816069366
1000.0 1800.0 -1069.8483704562291
1000.0 1900.0 -1061.940301976593
1000.0 2000.0 -1062.9004505968896
1000.0 2100.0 -1067.4303702325876
1000.0 2200.0 -1068.369375018478
1000.0 2300.0 -1072.0354723006308
1000.0 2400.0 -1079.0079355676601
1000.0 2500.0 -1072.5953781726764
1000.0 2600.0 -1068.9613792557871
1000.0 2700.0 -1071.7953174083079
1000.0 2800.0 -1067.4346980050389
1000.0 2900.0 -1071.4842000950741
1000.0 3000.0 -1073.3563228652638
1000.0 3100.0 -1078.0700683165528
1000.0 3200.0 -1070.4474656384575
1000.0 3300.0 -1067.902490165786
1000.0 3400.0 -1075.3207233308324
1000.0 3500.0 -1079.6120737216811
1000.0 3600.0 -1076.3260471313192
1000.0 3700.0 -1075.3659815096044
1000.0 3800.0 -1075.8709192771155
1000.0 3900.0 -1070.116348342146
1000.0 4000.0 -1069.0965779683443
1000.0 4100.0 -1066.0183787107267
1100.0 0.0 -1071.7803453934027
1100.0 100.0 -1081.8528813608987
1100.0 200.0 -1107.1681625425122
1100.0 300.0 -1089.9787996265227
1100.0 400.0 -1080.3192596442657
1100.0 500.0 -1073.3720212471587
1100.0 600.0 -1069.5493768306835
1100.0 700.0 -1068.5743405596111
1100.0 800.0 -1070.1649665520945
1100.0 900.0 -1070.2197791045678
1100.0 1000.0 -1070.1914388110556
1100.0 1100.0 -1064.214576641449
1100.0 1200.0 -1061.6775492454362
1100.0 1300.0 -1069.6719113682764
1100.0 1400.0 -1057.6305703064493
1100.0 1500.0 -1055.94285423412
1100.0 1600.0 -1056.5931069848837
1100.0 1700.0 -1057.4822792307307
1100.0 1800.0 -1063.3661322779872
1100.0 1900.0 -1053.983702922766
1100.0 2000.0 -1058.9697100580086
1100.0 2100.0 -1062.4400800599465
1100.0 2200.0 -1064.696944322166
1100.0 2300.0 -1067.2847854379393
1100.0 2400.0 -1092.7936636783613
1100.0 2500.0 -1071.5919885127664
1100.0 2600.0 -1072.8326104078899
1100.0 2700.0 -1063.8122927845961
1100.0 2800.0 -1063.4080615578189
1100.0 2900.0 -1063.9973891195561
1100.0 3000.0 -1067.1754419259944
1100.0 3100.0 -1072.6001830882492
1100.0 3200.0 -1068.9196342555772
1100.0 3300.0 -1068.5876468999315
1100.0 3400.0 -1079.7271952477558
1100.0 3500.0 -1088.4504772908294
1100.0 3600.0 -1071.0806883888022
1100.0 3700.0 -1078.1622812141024
1100.0 3800.0 -1071.7253966854134
1100.0 3900.0 -1077.9619687928016
1100.0 4000.0 -1080.8741000022085
1100.0 4100.0 -1070.7504465094823
1200.0 0.0 -1073.2927655232768
1200.0 100.0 -1096.9492300873967
1200.0 200.0 -1111.1278438890367
1200.0 300.0 -1085.4211423541683
1200.0 400.0 -1076.3250141584065
1200.0 500.0 -1069.6616359830919
1200.0 600.0 -1068.9392245951176
1200.0 700.0 -1068.3474546266229
1200.0 800.0 -1073.5982058578584
1200.0 900.0 -1078.4875522237157
1200.0 1000.0 -1069.0779616795401
1200.0 1100.0 -1070.9547106571315
1200.0 1200.0 -1070.4709148761683
1200.0 1300.0 -1069.0568270983965
1200.0 1400.0 -1062.1403727391973
1200.0 1500.0 -1054.3236367849834
1200.0 1600.0 -1057.6695514029125
1200.0 1700.0 -1055.1911475142304
1200.0 1800.0 -1053.2383751835987
1200.0 1900.0 -1055.1711052676935
1200.0 2000.0 -1057.6010322338668
1200.0 2100.0 -1060.629059647825
1200.0 2200.0 -1062.8229406901569
1200.0 2300.0 -1067.9097711541167
1200.0 2400.0 -1079.558021523819
1200.0 2500.0 -1075.258434898069
1200.0 2600.0 -1071.177647072695
1200.0 2700.0 -1064.6929106972143
1200.0 2800.0 -1063.956475927213
1200.0 2900.0 -1067.6082392167164
1200.0 3000.0 -1069.6512559736245
1200.0 3100.0 -1070.4783206095835
1200.0 3200.0 -1070.9290263867263
1200.0 3300.0 -1071.0544187327384
1200.0 3400.0 -1064.4092228933876
1200.0 3500.0 -1074.6765685477719
1200.0 3600.0 -1089.1614169242378
1200.0 3700.0 -1078.1758816187942
1200.0 3800.0 -1087.5561387879743
1200.0 3900.0 -1094.9746718356469
1200.0 4000.0 -1073.4568584856092
1200.0 4100.0 -1070.2508417444612
1300.0 0.0 -1082.202195767228
1300.0 100.0 -1087.0607066528751
1300.0 200.0 -1089.7944053456861
1300.0 300.0 -1083.3036822984143
1300.0 400.0 -1079.2420978786106
1300.0 500.0 -1078.937008917291
1300.0 600.0 -1077.1783325088054
1300.0 700.0 -1073.3939788406281
1300.0 800.0 -1074.0725900649923
1300.0 900.0 -1075.5973331017569
1300.0 1000.0 -1083.0435379922556
1300.0 1100.0 -1077.2695945324444
1300.0 1200.0 -1075.6362117299309
1300.0 1300.0 -1073.1183188544346
1300.0 1400.0 -1068.2860388283748
1300.0 1500.0 -1071.2880386941961
1300.0 1600.0 -1059.7337102597407
1300.0 1700.0 -1056.5310809817638
1300.0 1800.0 -1054.4960226184769
1300.0 1900.0 -1052.6300920667015
1300.0 2000.0 -1058.0088432902814
1300.0 2100.0 -1059.8899512135933
1300.0 2200.0 -1062.4008916190196
1300.0 2300.0 -1070.9957200479387
1300.0 2400.0 -1074.3506268063111
1300.0 2500.0 -1071.8599484748186
1300.0 2600.0 -1068.7146318889459
1300.0 2700.0 -1065.1373207778502
1300.0 2800.0 -1067.7155653699024
1300.0 2900.0 -1066.6098308964679
1300.0 3000.0 -1069.1215609510698
1300.0 3100.0 -1071.1826326000264
1300.0 3200.0 -1072.3465794253536
1300.0 3300.0 -1073.8632234521974
1300.0 3400.0 -1068.4365372815373
1300.0 3500.0 -1076.88927375506
1300.0 3600.0 -1076.9333592471842
1300.0 3700.0 -1081.1768493016737
1300.0 3800.0 -1088.5700281964989
1300.0 3900.0 -1089.1511055044436
1300.0 4000.0 -1072.1074947582888
1300.0 4100.0 -1071.0145137386182
1400.0 0.0 -1084.4412529299836
1400.0 100.0 -1086.4855621860665
1400.0 200.0 -1083.1281233273319
1400.0 300.0 -1083.2519501272268
1400.0 400.0 -1072.3347148635294
1400.0 500.0 -1076.2953003002344
1400.0 600.0 -1075.1776798977846
1400.0 700.0 -1079.026342430509
1400.0 800.0 -1080.8264686338396
1400.0 900.0 -1078.4206166081351
1400.0 1000.0 -1065.8059411769316
1400.0 1100.0 -1070.3191969409977
1400.0 1200.0 -1071.8774742773253
1400.0 1300.0 -1070.3884903452974
1400.0 1400.0 -1067.7208643715928
1400.0 1500.0 -1057.2366962640874
1400.0 1600.0 -1051.8162327399668
1400.0 1700.0 -1057.2707416917494
1400.0 1800.0 -1054.0526010767003
1400.0 1900.0 -1054.604582550799
1400.0 2000.0 -1057.9404445817227
1400.0 2100.0 -1059.7469705777009
1400.0 2200.0 -1064.0044124225115
1400.0 2300.0 -1078.6030409149732
1400.0 2400.0 -1067.4924196570394
1400.0 2500.0 -1070.4397160207404
1400.0 2600.0 -1070.3221231319767
1400.0 2700.0 -1067.7160976036116
1400.0 2800.0 -1076.4269843123359
1400.0 2900.0 -1068.1854352718267
1400.0 3000.0 -1080.4847646126696
1400.0 3100.0 -1071.400835709384
1400.0 3200.0 -1076.0285508265765
1400.0 3300.0 -1076.2756916978874
1400.0 3400.0 -1084.8709265105811
1400.0 3500.0 -1081.6346811081958
1400.0 3600.0 -1077.3578037329489
1400.0 3700.0 -1085.140176666521
1400.0 3800.0 -1093.7181376223725
1400.0 3900.0 -1080.8672728402319
1400.0 4000.0 -1074.1253510288832
1400.0 4100.0 -1073.5779623635055
1500.0 0.0 -1085.3252813097324
1500.0 100.0 -1089.6685032044099
1500.0 200.0 -1083.3817844689981
1500.0 300.0 -1084.2819819774484
1500.0 400.0 -1085.4248054509801
1500.0 500.0 -1074.6463171845628
1500.0 600.0 -1072.8748738455085
1500.0 700.0 -1073.4410319433812
1500.0 800.0 -1072.6992283925122
1500.0 900.0 -1074.245422812751
1500.0 1000.0 -1082.7698961258102
1500.0 1100.0 -1078.5271376380656
1500.0 1200.0 -1070.9601485719775
1500.0 1300.0 -1068.9664730244342
1500.0 1400.0 -1068.4774169688196
1500.0 1500.0 -1070.3189302222813
1500.0 1600.0 -1060.9996457142895
1500.0 1700.0 -1052.6568220084523
1500.0 1800.0 -1052.3652505154237
1500.0 1900.0 -1052.7497475575055
1500.0 2000.0 -1057.7824960928722
1500.0 2100.0 -1060.3408543958226
1500.0 2200.0 -1060.5363473269356
1500.0 2300.0 -1061.2136399997546
1500.0 2400.0 -1064.2381294974959
1500.0 2500.0 -1075.7841682872729
1500.0 2600.0 -1069.6991241722642
1500.0 2700.0 -1070.7836060897066
1500.0 2800.0 -1073.5538939500561
1500.0 2900.0 -1074.1975533323778
1500.0 3000.0 -1069.9422444974887
1500.0 3100.0 -1081.1380091112967
1500.0 3200.0 -1081.7656157206025
1500.0 3300.0 -1076.9926311623481
1500.0 3400.0 -1076.2146854654147
1500.0 3500.0 -1080.2036494341276
1500.0 3600.0 -1080.2040604317051
1500.0 3700.0 -1078.9610533322409
1500.0 3800.0 -1078.1204636086327
1500.0 3900.0 -1079.2826435172208
1500.0 4000.0 -1078.6448641226559
1500.0 4100.0 -1072.838080935174
1600.0 0.0 -1083.7585097606325
1600.0 100.0 -1091.1986273735167
1600.0 200.0 -1092.6394398635366
1600.0 300.0 -1078.2965123082408
1600.0 400.0 -1076.6068837911296
1600.0 500.0 -1070.251475912672
1600.0 600.0 -1072.4758066226257
1600.0 700.0 -1072.4424830898424
1600.0 800.0 -1071.1826670511743
1600.0 900.0 -1081.8188692510087
1600.0 1000.0 -1071.8471677177947
1600.0 1100.0 -1074.9505829100679
1600.0 1200.0 -1073.3404881192389
1600.0 1300.0 -1069.9666559149896
1600.0 1400.0 -1063.1505954335285
1600.0 1500.0 -1062.9788794033932
1600.0 1600.0 -1062.5147277358169
1600.0 1700.0 -1054.0371778693648
1600.0 1800.0 -1053.4378314207984
1600.0 1900.0 -1052.8850400721399
1600.0 2000.0 -1060.7658652051248
1600.0 2100.0 -1063.5772652020298
1600.0 2200.0 -1066.0838048577434
1600.0 2300.0 -1064.1514769026294
1600.0 2400.0 -1063.670394073348
1600.0 2500.0 -1067.0502912163886
1600.0 2600.0 -1070.1869574603645
1600.0 2700.0 -1075.3547774905805
1600.0 2800.0 -1077.7828606283365
1600.0 2900.0 -1073.2901241877082
1600.0 3000.0 -1070.2536054844593
1600.0 3100.0 -1069.4587666560619
1600.0 3200.0 -1081.2949817703795
1600.0 3300.0 -1077.5806452875061
1600.0 3400.0 -1085.0841395100965
1600.0 3500.0 -1081.1352669250703
1600.0 3600.0 -1089.0830848272276
1600.0 3700.0 -1083.1771564993383
1600.0 3800.0 -1081.1323626327098
1600.0 3900.0 -1073.7700768836623
1600.0 4000.0 -1071.0839972638928
1600.0 4100.0 -1069.4283813214961
1700.0 0.0 -1077.2239922501938
1700.0 100.0 -1077.7686560553559
1700.0 200.0 -1076.1083860898573
1700.0 300.0 -1075.9296755025482
1700.0 400.0 -1072.5548526761193
1700.0 500.0 -1072.0570231032038
1700.0 600.0 -1072.7396881638308
1700.0 700.0 -1083.3910008492305
1700.0 800.0 -1076.9031434789042
1700.0 900.0 -1076.4763859533914
1700.0 1000.0 -1071.8033928302705
1700.0 1100.0 -1074.0650204416297
1700.0 1200.0 -1075.5511069056327
1700.0 1300.0 -1073.1631983489106
1700.0 1400.0 -1060.9844398350422
1700.0 1500.0 -1064.6623980075133
1700.0 1600.0 -1055.0438058723907
1700.0 1700.0 -1056.8498980363067
1700.0 1800.0 -1054.574566920538
1700.0 1900.0 -1058.4860958721392
1700.0 2000.0 -1074.3228561935532
1700.0 2100.0 -1065.0006602128014
1700.0 2200.0 -1065.4062248502505
1700.0 2300.0 -1064.9171880310842
1700.0 2400.0 -1063.1361550710649
1700.0 2500.0 -1062.5863583633457
1700.0 2600.0 -1067.7085481892686
1700.0 2700.0 -1072.5378004332456
1700.0 2800.0 -1075.2045022618031
1700.0 2900.0 -1072.556019454493
1700.0 3000.0 -1071.2938875511927
1700.0 3100.0 -1070.0135105768466
1700.0 3200.0 -1070.5842546927486
1700.0 3300.0 -1084.7416958238989
1700.0 3400.0 -1082.3685338069463
1700.0 3500.0 -1088.5727024690748
1700.0 3600.0 -1092.4697671719
1700.0 3700.0 -1088.6008662537754
1700.0 3800.0 -1084.3033334282861
1700.0 3900.0 -1069.3243325164283
1700.0 4000.0 -1066.2045384997739
1700.0 4100.0 -1066.6509257380767
1800.0 0.0 -1077.4125204429117
1800.0 100.0 -1079.1419413672536
1800.0 200.0 -1076.243983879996
1800.0 300.0 -1070.7944433905668
1800.0 400.0 -1068.6888376416684
1800.0 500.0 -1069.3236228407691
1800.0 600.0 -1070.336007800445
1800.0 700.0 -1069.2344873998497
1800.0 800.0 -1074.2792347202301
1800.0 900.0 -1085.8596659984148
1800.0 1000.0 -1072.9056759367102
1800.0 1100.0 -1075.7353206565572
1800.0 1200.0 -1079.5380557832821
1800.0 1300.0 -1067.9044276269142
1800.0 1400.0 -1071.1620007621211
1800.0 1500.0 -1077.6807163170163
1800.0 1600.0 -1061.0993016540165
1800.0 1700.0 -1053.8886775721489
1800.0 1800.0 -1056.5123084089105
1800.0 1900.0 -1067.3213802299308
1800.0 2000.0 -1072.8841894149803
1800.0 2100.0 -1064.5767224242481
1800.0 2200.0 -1068.3047446822911
1800.0 2300.0 -1065.1854153771055
1800.0 2400.0 -1063.6913378511658
1800.0 2500.0 -1064.2829780456962
1800.0 2600.0 -1069.9302747940792
1800.0 2700.0 -1070.9226404737815
1800.0 2800.0 -1076.0687464165119
1800.0 2900.0 -1076.9600026973085
1800.0 3000.0 -1073.6334962880524
1800.0 3100.0 -1074.5873315842603
1800.0 3200.0 -1079.610839443063
1800.0 3300.0 -1095.9096997898209
1800.0 3400.0 -1097.3006896356032
1800.0 3500.0 -1096.1477288447943
1800.0 3600.0 -1087.3161634757487
1800.0 3700.0 -1080.4481449898024
1800.0 3800.0 -1065.5091442156549
1800.0 3900.0 -1061.1211233365725
1800.0 4000.0 -1063.2209047763104
1800.0 4100.0 -1067.2395493628262
1900.0 0.0 -1064.2589242296924
1900.0 100.0 -1078.10196820854
1900.0 200.0 -1094.5603211424223
1900.0 300.0 -1071.4184968076522
1900.0 400.0 -1067.8756735993961
1900.0 500.0 -1068.5673320915828
1900.0 600.0 -1069.3893720954245
1900.0 700.0 -1069.3705833674194
1900.0 800.0 -1070.4642580002287
1900.0 900.0 -1074.4802546393778
1900.0 1000.0 -1075.3711265240729
1900.0 1100.0 -1074.4470387853928
1900.0 1200.0 -1076.5872619561326
1900.0 1300.0 -1074.4114701142578
1900.0 1400.0 -1072.0206485864453
1900.0 1500.0 -1081.5418941637126
1900.0 1600.0 -1065.1392068096045
1900.0 1700.0 -1065.0866278390413
1900.0 1800.0 -1063.6027229284907
1900.0 1900.0 -1073.5211943430334
1900.0 2000.0 -1071.014132228936
1900.0 2100.0 -1067.6495388934293
1900.0 2200.0 -1066.5970540698743
1900.0 2300.0 -1065.3487615373451
1900.0 2400.0 -1066.7075010502956
1900.0 2500.0 -1066.4363717581225
1900.0 2600.0 -1067.6210952297179
1900.0 2700.0 -1077.6200084789964
1900.0 2800.0 -1082.160459270794
1900.0 2900.0 -1088.8865334758768
1900.0 3000.0 -1079.7621716068304
1900.0 3100.0 -1080.4816246003611
1900.0 3200.0 -1085.1827491161623
1900.0 3300.0 -1086.9320436809123
1900.0 3400.0 -1081.8218189008689
1900.0 3500.0 -1088.8028745707609
1900.0 3600.0 -1083.2165318701655
1900.0 3700.0 -1088.7279108872704
1900.0 3800.0 -1063.7381652036106
1900.0 3900.0 -1060.3104226679866
1900.0 4000.0 -1061.0738271436269
1900.0 4100.0 -1065.7047094624036
2000.0 0.0 -1069.7396875391903
2000.0 100.0 -1077.3183626752689
2000.0 200.0 -1068.0886233490637
2000.0 300.0 -1080.4412232845548
2000.0 400.0 -1071.049086437858
2000.0 500.0 -1071.1731049617581
2000.0 600.0 -1073.6196166154898
2000.0 700.0 -1072.7135132914418
2000.0 800.0 -1072.5239667684248
2000.0 900.0 -1078.0704956723243
2000.0 1000.0 -1075.5307308262402
2000.0 1100.0 -1081.3219488058878
2000.0 1200.0 -1076.3496325965079
2000.0 1300.0 -1076.3870297330213
2000.0 1400.0 -1080.069016563079
2000.0 1500.0 -1081.3654872396678
2000.0 1600.0 -1072.5658468612833
2000.0 1700.0 -1070.5705615025181
2000.0 1800.0 -1072.9420703825344
2000.0 1900.0 -1074.5990732122978
2000.0 2000.0 -1084.2183493251589
2000.0 2100.0 -1065.9206783521679
2000.0 2200.0 -1077.6836104055578
2000.0 2300.0 -1068.1032714372514
2000.0 2400.0 -1074.1583113733755
2000.0 2500.0 -1077.8892696546718
2000.0 2600.0 -1080.5752519136961
2000.0 2700.0 -1077.5543665110188
2000.0 2800.0 -1092.3363026538761
2000.0 2900.0 -1073.7997136649158
2000.0 3000.0 -1087.7734266360721
2000.0 3100.0 -1092.5695122761799
2000.0 3200.0 -1081.9423560948014
2000.0 3300.0 -1077.1216288554424
2000.0 3400.0 -1087.7358950528446
2000.0 3500.0 -1076.7348490736924
2000.0 3600.0 -1073.2748321987247
2000.0 3700.0 -1072.6746719475518
2000.0 3800.0 -1087.3182119540345
2000.0 3900.0 -1069.4581406771351
2000.0 4000.0 -1065.6949894262216
2000.0 4100.0 -1066.3852626700145
2100.0 0.0 -1066.5281114332306
2100.0 100.0 -1066.6578235241259
2100.0 200.0 -1065.7741581393061
2100.0 300.0 -1073.8227911714305
2100.0 400.0 -1081.5477231713251
2100.0 500.0 -1077.4210806363515
2100.0 600.0 -1079.6196616054374
2100.0 700.0 -1082.3831448292251
2100.0 800.0 -1092.0680554617302
2100.0 900.0 -1076.4717920956743
2100.0 1000.0 -1075.7710562098528
2100.0 1100.0 -1076.6797589825651
2100.0 1200.0 -1079.7305399480513
2100.0 1300.0 -1077.060038842108
2100.0 1400.0 -1080.3073745311033
2100.0 1500.0 -1085.8707427736795
2100.0 1600.0 -1081.7036252612859
2100.0 1700.0 -1075.6886508516018
2100.0 1800.0 -1086.4610388443052
2100.0 1900.0 -1085.1895284642655
2100.0 2000.0 -1079.1102896626164
2100.0 2100.0 -1071.6061061825471
2100.0 2200.0 -1068.8841850216279
2100.0 2300.0 -1076.0617177414615
2100.0 2400.0 -1075.719639875379
2100.0 2500.0 -1073.0617412694039
2100.0 2600.0 -1078.7955453053432
2100.0 2700.0 -1078.1441992614159
2100.0 2800.0 -1078.4118783274978
2100.0 2900.0 -1077.522835005052
2100.0 3000.0 -1090.4064641375501
2100.0 3100.0 -1074.3763308328296
2100.0 3200.0 -1076.661545525061
2100.0 3300.0 -1073.0052597006813
2100.0 3400.0 -1069.2245675961583
2100.0 3500.0 -1073.669121035495
2100.0 3600.0 -1079.6292442543418
2100.0 3700.0 -1076.3384348382087
2100.0 3800.0 -1082.2006685975732
2100.0 3900.0 -1074.193465794895
2100.0 4000.0 -1067.170547460508
2100.0 4100.0 -1063.523743657963
2200.0 0.0 -1062.3528661837834
2200.0 100.0 -1061.9392021398228
2200.0 200.0 -1063.8664731715344
2200.0 300.0 -1069.76924643128
2200.0 400.0 -1069.3971489120038
2200.0 500.0 -1072.9594543927203
2200.0 600.0 -1075.535244002765
2200.0 700.0 -1091.2537275011755
2200.0 800.0 -1081.941761005382
2200.0 900.0 -1072.0547863823463
2200.0 1000.0 -1073.8693489680463
2200.0 1100.0 -1079.6679408014631
2200.0 1200.0 -1081.258712699236
2200.0 1300.0 -1077.7576347014433
2200.0 1400.0 -1079.4221664732265
2200.0 1500.0 -1079.9711575954866
2200.0 1600.0 -1079.7574988294764
2200.0 1700.0 -1082.770417272169
2200.0 1800.0 -1084.0551861594618
2200.0 1900.0 -1085.4002234699456
2200.0 2000.0 -1078.4706404801691
2200.0 2100.0 -1076.3324847872946
2200.0 2200.0 -1071.6872018518447
2200.0 2300.0 -1072.840821769822
2200.0 2400.0 -1073.1258402825454
2200.0 2500.0 -1072.122703526187
2200.0 2600.0 -1075.409050505833
2200.0 2700.0 -1076.6324847590161
2200.0 2800.0 -1076.3259015765886
2200.0 2900.0 -1081.8999355514147
2200.0 3000.0 -1080.3497718963301
2200.0 3100.0 -1080.6548602008795
2200.0 3200.0 -1081.3695542906078
2200.0 3300.0 -1072.2713663505426
2200.0 3400.0 -1069.8505383143788
2200.0 3500.0 -1072.6148764785933
2200.0 3600.0 -1076.1196947452393
2200.0 3700.0 -1078.5538042349976
2200.0 3800.0 -1076.0005164520671
2200.0 3900.0 -1070.1518319317495
2200.0 4000.0 -1066.5309935773967
2200.0 4100.0 -1065.5419650952356
2300.0 0.0 -1061.8453021013615
2300.0 100.0 -1057.3897549972751
2300.0 200.0 -1065.6030196847157
2300.0 300.0 -1064.5700057488561
2300.0 400.0 -1064.4628937999246
2300.0 500.0 -1073.0182996587716
2300.0 600.0 -1079.0895048628333
2300.0 700.0 -1090.1066532311347
2300.0 800.0 -1079.9106341855763
2300.0 900.0 -1077.7112437669748
2300.0 1000.0 -1073.8648206577097
2300.0 1100.0 -1079.8517042396406
2300.0 1200.0 -1084.7089919464136
2300.0 1300.0 -1080.2812716556959
2300.0 1400.0 -1083.4216702530036
2300.0 1500.0 -1077.110468798923
2300.0 1600.0 -1077.4931734831086
2300.0 1700.0 -1071.1646536233616
2300.0 1800.0 -1071.7917019584895
2300.0 1900.0 -1078.0633824183499
2300.0 2000.0 -1073.8973916276004
2300.0 2100.0 -1072.0145594230564
2300.0 2200.0 -1069.4422165715989
2300.0 2300.0 -1070.1697675253315
2300.0 2400.0 -1080.3848911040213
2300.0 2500.0 -1077.3091558167364
2300.0 2600.0 -1082.0868218787164
2300.0 2700.0 -1075.1644360023467
2300.0 2800.0 -1073.9964669817339
2300.0 2900.0 -1077.8300945263779
2300.0 3000.0 -1087.1555507223052
2300.0 3100.0 -1080.7138425497162
2300.0 3200.0 -1073.8383042916698
2300.0 3300.0 -1070.7463850132153
2300.0 3400.0 -1069.7180446760424
2300.0 3500.0 -1072.3748294199345
2300.0 3600.0 -1077.0691978957345
2300.0 3700.0 -1087.9202855219935
2300.0 3800.0 -1065.7656652930577
2300.0 3900.0 -1075.6665466969005
2300.0 4000.0 -1065.2337164515177
2300.0 4100.0 -1064.5470596829352
2400.0 0.0 -1062.704481729186
2400.0 100.0 -1071.7997423048373
2400.0 200.0 -1069.1660260502017
2400.0 300.0 -1061.1627626219727
2400.0 400.0 -1063.1839037140414
2400.0 500.0 -1065.2657301903739
2400.0 600.0 -1076.8978756916833
2400.0 700.0 -1076.6238291989432
2400.0 800.0 -1068.5606935516678
2400.0 900.0 -1069.183365365207
2400.0 1000.0 -1071.3546758884106
2400.0 1100.0 -1073.8275835624813
2400.0 1200.0 -1090.3324863023263
2400.0 1300.0 -1074.8655201923259
2400.0 1400.0 -1078.3900692437132
2400.0 1500.0 -1075.1891066012172
2400.0 1600.0 -1071.4589999036871
2400.0 1700.0 -1069.9988693870127
2400.0 1800.0 -1070.6851077354816
2400.0 1900.0 -1079.2400484301975
2400.0 2000.0 -1074.8149316462768
2400.0 2100.0 -1076.1959627829301
2400.0 2200.0 -1071.6992292772604
2400.0 2300.0 -1070.5074195745913
2400.0 2400.0 -1076.0504660018344
2400.0 2500.0 -1075.0118898201554
2400.0 2600.0 -1087.6154353726472
2400.0 2700.0 -1080.7905615747379
2400.0 2800.0 -1078.2440078663283
2400.0 2900.0 -1087.3468983867765
2400.0 3000.0 -1083.1007250483181
2400.0 3100.0 -1077.9271798322768
2400.0 3200.0 -1070.5910169278723
2400.0 3300.0 -1065.9972374878325
2400.0 3400.0 -1067.9808880047224
2400.0 3500.0 -1070.2984872702211
2400.0 3600.0 -1072.0913326525247
2400.0 3700.0 -1076.1639165416577
2400.0 3800.0 -1078.2571711698342
2400.0 3900.0 -1069.8037544025615
2400.0 4000.0 -1064.5777767802747
2400.0 4100.0 -1063.866873764809
2500.0 0.0 -1061.6561785972999
2500.0 100.0 -1071.5063816026168
2500.0 200.0 -1074.6700966412277
2500.0 300.0 -1058.4142144431307
2500.0 400.0 -1057.1489949488935
2500.0 500.0 -1071.9416168293988
2500.0 600.0 -1071.2964019716819
2500.0 700.0 -1066.8325956223641
2500.0 800.0 -1078.4163829047625
2500.0 900.0 -1069.5623076919585
2500.0 1000.0 -1069.4279694923682
2500.0 1100.0 -1078.088560475531
2500.0 1200.0 -1079.5706037788038
2500.0 1300.0 -1067.3806165744209
2500.0 1400.0 -1080.8900782371456
2500.0 1500.0 -1079.4154403152197
2500.0 1600.0 -1080.0683384310432
2500.0 1700.0 -1075.0091455042759
2500.0 1800.0 -1074.903486852583
2500.0 1900.0 -1077.6946421166513
2500.0 2000.0 -1078.0332698304258
2500.0 2100.0 -1076.7414937979038
2500.0 2200.0 -1077.3079554043534
2500.0 2300.0 -1074.1698309028623
2500.0 2400.0 -1077.1462630388885
2500.0 2500.0 -1084.643896824615
2500.0 2600.0 -1091.7989766029737
2500.0 2700.0 -1088.2032105819967
2500.0 2800.0 -1078.143443214148
2500.0 2900.0 -1074.205381251101
2500.0 3000.0 -1071.5507249489667
2500.0 3100.0 -1068.4893556551226
2500.0 3200.0 -1069.1718034432733
2500.0 3300.0 -1064.4661437993414
2500.0 3400.0 -1066.3237980858473
2500.0 3500.0 -1072.209268702019
2500.0 3600.0 -1069.8202949200611
2500.0 3700.0 -1074.5819439018951
2500.0 3800.0 -1081.3654029675713
2500.0 3900.0 -1067.5953411040186
2500.0 4000.0 -1067.167267021641
2500.0 4100.0 -1061.1922149914394
2600.0 0.0 -1060.859214210094
2600.0 100.0 -1060.5623514306074
2600.0 200.0 -1062.6997634717604
2600.0 300.0 -1062.8703411565411
2600.0 400.0 -1066.7808048403583
2600.0 500.0 -1059.8344144996304
2600.0 600.0 -1061.8651916298656
2600.0 700.0 -1063.9625814599822
2600.0 800.0 -1067.4695937815122
2600.0 900.0 -1067.256383293317
2600.0 1000.0 -1077.2124752965483
2600.0 1100.0 -1073.5084917472357
2600.0 1200.0 -1081.0359998687795
2600.0 1300.0 -1075.3396441731586
2600.0 1400.0 -1074.9622418932488
2600.0 1500.0 -1083.3112645872088
2600.0 1600.0 -1090.8212087284965
2600.0 1700.0 -1084.3740579487671
2600.0 1800.0 -1083.3229705603267
2600.0 1900.0 -1079.0420520752361
2600.0 2000.0 -1079.2813816452085
2600.0 2100.0 -1077.0628637770162
2600.0 2200.0 -1072.611960152487
2600.0 2300.0 -1084.7783314708784
2600.0 2400.0 -1080.4348734099997
2600.0 2500.0 -1074.6485819265445
2600.0 2600.0 -1085.0483348484406
2600.0 2700.0 -1081.6040537273975
2600.0 2800.0 -1077.820189670078
2600.0 2900.0 -1072.7524633860112
2600.0 3000.0 -1069.2146002264278
2600.0 3100.0 -1068.9276354336369
2600.0 3200.0 -1068.6800141275257
2600.0 3300.0 -1064.9354946289484
2600.0 3400.0 -1066.515485665728
2600.0 3500.0 -1069.8077538075627
2600.0 3600.0 -1069.5606258607265
2600.0 3700.0 -1078.2517000318901
2600.0 3800.0 -1080.4995392093151
2600.0 3900.0 -1069.0357836109315
2600.0 4000.0 -1066.9597269289882
2600.0 4100.0 -1064.4622723857567
2700.0 0.0 -1065.0895091364887
2700.0 100.0 -1066.1053769904693
2700.0 200.0 -1059.8861831615775
2700.0 300.0 -1065.7448942654719
2700.0 400.0 -1068.4718911624818
2700.0 500.0 -1056.6125050070925
2700.0 600.0 -1058.8457336498818
2700.0 700.0 -1066.6599947591533
2700.0 800.0 -1063.0212691653237
2700.0 900.0 -1059.7451216143936
2700.0 1000.0 -1066.414434594378
2700.0 1100.0 -1071.6022778012868
2700.0 1200.0 -1071.5613221572964
2700.0 1300.0 -1080.0125926237549
2700.0 1400.0 -1071.0514475401583
2700.0 1500.0 -1076.6680414193866
2700.0 1600.0 -1079.9700867917709
2700.0 1700.0 -1086.9121607764644
2700.0 1800.0 -1091.9481983748421
2700.0 1900.0 -1082.7619462194509
2700.0 2000.0 -1082.0411512219048
2700.0 2100.0 -1078.5598540990306
2700.0 2200.0 -1082.0859527119924
2700.0 2300.0 -1076.2934713212881
2700.0 2400.0 -1077.04150441302
2700.0 2500.0 -1085.3561138588868
2700.0 2600.0 -1075.4688862874234
2700.0 2700.0 -1077.6614721763037
2700.0 2800.0 -1075.9175162389013
2700.0 2900.0 -1070.8100479602153
2700.0 3000.0 -1068.4913230814186
2700.0 3100.0 -1067.4760565426407
2700.0 3200.0 -1067.490132743349
2700.0 3300.0 -1068.8089527110105
2700.0 3400.0 -1075.3882272867979
2700.0 3500.0 -1067.5928803130741
2700.0 3600.0 -1078.077573398301
2700.0 3700.0 -1088.8989390636593
2700.0 3800.0 -1082.8985840303901
2700.0 3900.0 -1077.9726181923259
2700.0 4000.0 -1074.2811462939815
2700.0 4100.0 -1067.5847996144323
2800.0 0.0 -1057.2530787582466
2800.0 100.0 -1068.928287164443
2800.0 200.0 -1060.9211094287796
2800.0 300.0 -1062.0260592419058
2800.0 400.0 -1057.9138189693149
2800.0 500.0 -1048.509455913168
2800.0 600.0 -1052.0742364426394
2800.0 700.0 -1060.1778016463547
2800.0 800.0 -1059.0121840320971
2800.0 900.0 -1057.3176832926085
2800.0 1000.0 -1063.1113952590426
2800.0 1100.0 -1069.153693481042
2800.0 1200.0 -1069.9310931801315
2800.0 1300.0 -1067.9604392133376
2800.0 1400.0 -1074.078691141741
2800.0 1500.0 -1069.0630002474184
2800.0 1600.0 -1071.0827857335614
2800.0 1700.0 -1080.7442623462216
2800.0 1800.0 -1079.70050176069
2800.0 1900.0 -1080.7057515304991
2800.0 2000.0 -1079.5998669029893
2800.0 2100.0 -1093.554852887909
2800.0 2200.0 -1079.6685032212538
2800.0 2300.0 -1076.4811558987412
2800.0 2400.0 -1074.9253130867469
2800.0 2500.0 -1075.7562496739617
2800.0 2600.0 -1073.5800409279223
2800.0 2700.0 -1076.6237340860482
2800.0 2800.0 -1072.2656231691547
2800.0 2900.0 -1069.2391583961089
2800.0 3000.0 -1067.6007647968474
2800.0 3100.0 -1066.7159345558543
2800.0 3200.0 -1066.7962053696504
2800.0 3300.0 -1066.1046241682243
2800.0 3400.0 -1067.2880590186041
2800.0 3500.0 -1073.4945468967433
2800.0 3600.0 -1076.3327738276957
2800.0 3700.0 -1078.9308101164884
2800.0 3800.0 -1081.6627015830072
2800.0 3900.0 -1074.400116564394
2800.0 4000.0 -1073.729372735874
2800.0 4100.0 -1065.9999699082261
2900.0 0.0 -1062.525637029072
2900.0 100.0 -1056.1777355770739
2900.0 200.0 -1055.6344019010896
2900.0 300.0 -1056.3778067694006
2900.0 400.0 -1048.337197513189
2900.0 500.0 -1070.085775907379
2900.0 600.0 -1062.4900295107332
2900.0 700.0 -1057.2933996247943
2900.0 800.0 -1054.9999653840255
2900.0 900.0 -1055.115473501246
2900.0 1000.0 -1059.2656857737686
2900.0 1100.0 -1079.8617094995575
2900.0 1200.0 -1065.3155672257399
2900.0 1300.0 -1068.0308806492358
2900.0 1400.0 -1065.3531074953785
2900.0 1500.0 -1061.1841900837019
2900.0 1600.0 -1066.66088041787
2900.0 1700.0 -1078.8171229476534
2900.0 1800.0 -1081.8115060803136
2900.0 1900.0 -1074.8372682755062
2900.0 2000.0 -1084.0262793231025
2900.0 2100.0 -1087.2411522213467
2900.0 2200.0 -1085.4192270501378
2900.0 2300.0 -1068.4756300994309
2900.0 2400.0 -1070.6927657845415
2900.0 2500.0 -1078.8553699840056
2900.0 2600.0 -1076.5086330466736
2900.0 2700.0 -1080.2292833533797
2900.0 2800.0 -1083.581396030381
2900.0 2900.0 -1069.9228967269755
2900.0 3000.0 -1066.6614958187715
2900.0 3100.0 -1065.4882480363722
2900.0 3200.0 -1062.740490327285
2900.0 3300.0 -1059.3205301067683
2900.0 3400.0 -1067.5868970543652
2900.0 3500.0 -1074.4949651948043
2900.0 3600.0 -1079.5470160796222
2900.0 3700.0 -1073.2493605627483
2900.0 3800.0 -1074.4521790003539
2900.0 3900.0 -1072.4215596898534
2900.0 4000.0 -1065.8088379754884
2900.0 4100.0 -1066.6688398806946
3000.0 0.0 -1059.6620140280284
3000.0 100.0 -1054.431932998094
3000.0 200.0 -1056.7438494790272
3000.0 300.0 -1046.8250570012865
3000.0 400.0 -1053.9951057242988
3000.0 500.0 -1066.0372820788486
3000.0 600.0 -1054.1003103275013
3000.0 700.0 -1055.8682315105218
3000.0 800.0 -1055.1537744660354
3000.0 900.0 -1058.2925330996422
3000.0 1000.0 -1059.882472162554
3000.0 1100.0 -1066.6274313756969
3000.0 1200.0 -1072.2436920011039
3000.0 1300.0 -1074.5614880551861
3000.0 1400.0 -1059.0402281652264
3000.0 1500.0 -1061.5651550828368
3000.0 1600.0 -1067.0703956775355
3000.0 1700.0 -1070.4036691085157
3000.0 1800.0 -1071.4384829162491
3000.0 1900.0 -1081.9072429293817
3000.0 2000.0 -1084.3198181583489
3000.0 2100.0 -1092.033707222412
3000.0 2200.0 -1086.6524391513929
3000.0 2300.0 -1075.2045721075251
3000.0 2400.0 -1072.8576386059535
3000.0 2500.0 -1078.5801318669969
3000.0 2600.0 -1075.5316487966986
3000.0 2700.0 -1073.6224802425397
3000.0 2800.0 -1071.9622199884443
3000.0 2900.0 -1069.49609393489
3000.0 3000.0 -1067.0382739747063
3000.0 3100.0 -1065.1250178955881
3000.0 3200.0 -1063.7210073373126
3000.0 3300.0 -1064.5898860144982
3000.0 3400.0 -1068.5244329536808
3000.0 3500.0 -1079.9480307168924
3000.0 3600.0 -1077.1155655356192
3000.0 3700.0 -1077.7270558643072
3000.0 3800.0 -1081.0677470419278
3000.0 3900.0 -1081.7779468595172
3000.0 4000.0 -1068.057837760337
3000.0 4100.0 -1068.9410618305421
3100.0 0.0 -1057.1600261770106
3100.0 100.0 -1052.9745162803565
3100.0 200.0 -1052.4297266351252
3100.0 300.0 -1060.1201964912507
3100.0 400.0 -1059.053509600471
3100.0 500.0 -1060.0763520802971
3100.0 600.0 -1055.080279291737
3100.0 700.0 -1051.4422068100405
3100.0 800.0 -1052.7839430544132
3100.0 900.0 -1054.0191081629491
3100.0 1000.0 -1065.3395231833822
3100.0 1100.0 -1072.4034021166694
3100.0 1200.0 -1063.8615860923946
3100.0 1300.0 -1069.6598348534683
3100.0 1400.0 -1066.4953641705017
3100.0 1500.0 -1063.6588168350179
3100.0 1600.0 -1065.2352266349706
3100.0 1700.0 -1070.6331569113406
3100.0 1800.0 -1079.7421118284019
3100.0 1900.0 -1082.7086621215672
3100.0 2000.0 -1082.8481722767549
3100.0 2100.0 -1088.6596721824255
3100.0 2200.0 -1100.9236611548156
3100.0 2300.0 -1083.8856214117152
3100.0 2400.0 -1079.9294841796846
3100.0 2500.0 -1079.9296876381159
3100.0 2600.0 -1072.2795408706904
3100.0 2700.0 -1070.0499052088262
3100.0 2800.0 -1073.6427173276559
3100.0 2900.0 -1070.4922233635584
3100.0 3000.0 -1070.7796954466312
3100.0 3100.0 -1065.1607117326339
3100.0 3200.0 -1068.4784623354005
3100.0 3300.0 -1069.9497472734415
3100.0 3400.0 -1071.4680760399381
3100.0 3500.0 -1069.1153679344764
3100.0 3600.0 -1070.4262968015835
3100.0 3700.0 -1075.6358175613457
3100.0 3800.0 -1074.8477544983441
3100.0 3900.0 -1074.0715040383111
3100.0 4000.0 -1067.5226952036999
3100.0 4100.0 -1063.4751078751647
3200.0 0.0 -1053.3267665985379
3200.0 100.0 -1055.0295850080934
3200.0 200.0 -1048.2273179848623
3200.0 300.0 -1049.607187959921
3200.0 400.0 -1052.8927941248062
3200.0 500.0 -1055.0109526727285
3200.0 600.0 -1051.9609407627931
3200.0 700.0 -1055.2872322899568
3200.0 800.0 -1050.6136054264036
3200.0 900.0 -1053.5776565595177
3200.0 1000.0 -1057.072471595153
3200.0 1100.0 -1056.6200299981431
3200.0 1200.0 -1059.4074724063958
3200.0 1300.0 -1062.6494351877111
3200.0 1400.0 -1058.332338807661
3200.0 1500.0 -1060.2920875612497
3200.0 1600.0 -1067.0694615093548
3200.0 1700.0 -1073.4298922871451
3200.0 1800.0 -1080.8597191632825
3200.0 1900.0 -1085.2391534100761
3200.0 2000.0 -1088.2569694552856
3200.0 2100.0 -1085.4012705586219
3200.0 2200.0 -1089.4273965793309
3200.0 2300.0 -1089.7562259914505
3200.0 2400.0 -1079.2849239217855
3200.0 2500.0 -1071.0968182447007
3200.0 2600.0 -1078.327568381641
3200.0 2700.0 -1071.3597095681728
3200.0 2800.0 -1068.4883382121359
3200.0 2900.0 -1071.9186565856235
3200.0 3000.0 -1069.9192066291037
3200.0 3100.0 -1066.1652465411989
3200.0 3200.0 -1069.624146120389
3200.0 3300.0 -1068.1077398169552
3200.0 3400.0 -1070.0772250827317
3200.0 3500.0 -1067.4138555856091
3200.0 3600.0 -1070.9261134004942
3200.0 3700.0 -1074.8531790142101
3200.0 3800.0 -1074.7656282512398
3200.0 3900.0 -1080.1961697808233
3200.0 4000.0 -1080.9431349298591
3200.0 4100.0 -1061.4118875542554
3300.0 0.0 -1053.718800557167
3300.0 100.0 -1057.3253288917706
3300.0 200.0 -1046.6853911450867
3300.0 300.0 -1051.8770237506478
3300.0 400.0 -1051.4514385851351
3300.0 500.0 -1050.3965795308234
3300.0 600.0 -1047.1686878516907
3300.0 700.0 -1044.2471753742286
3300.0 800.0 -1047.4095979231233
3300.0 900.0 -1062.8183224925951
3300.0 1000.0 -1053.031444533538
3300.0 1100.0 -1053.3394599400183
3300.0 1200.0 -1055.3302182119526
3300.0 1300.0 -1057.2374042457998
3300.0 1400.0 -1054.8116564006725
3300.0 1500.0 -1056.8234949564426
3300.0 1600.0 -1065.9894432138469
3300.0 1700.0 -1073.3474772275179
3300.0 1800.0 -1089.646716860316
3300.0 1900.0 -1092.4448947779515
3300.0 2000.0 -1087.9772390592223
3300.0 2100.0 -1079.9006599506783
3300.0 2200.0 -1081.9771512205691
3300.0 2300.0 -1096.2623062256316
3300.0 2400.0 -1084.2630408462967
3300.0 2500.0 -1075.3860765225616
3300.0 2600.0 -1070.4622165737098
3300.0 2700.0 -1067.2030359994901
3300.0 2800.0 -1071.8598612777182
3300.0 2900.0 -1067.8275927164711
3300.0 3000.0 -1066.7678042503533
3300.0 3100.0 -1067.5057691087127
3300.0 3200.0 -1072.1985151571091
3300.0 3300.0 -1078.4362154321393
3300.0 3400.0 -1075.621061740369
3300.0 3500.0 -1068.4959304572371
3300.0 3600.0 -1072.9837886774151
3300.0 3700.0 -1074.512656943009
3300.0 3800.0 -1075.0878215691607
3300.0 3900.0 -1079.9564016303182
3300.0 4000.0 -1059.8386438386387
3300.0 4100.0 -1071.2892515578385
3400.0 0.0 -1047.3866779814368
3400.0 100.0 -1049.9926366121274
3400.0 200.0 -1047.9831550817094
3400.0 300.0 -1053.0338673039125
3400.0 400.0 -1053.8473959148782
3400.0 500.0 -1047.7053331297675
3400.0 600.0 -1045.1673879674479
3400.0 700.0 -1045.7842858490037
3400.0 800.0 -1052.5090541107681
3400.0 900.0 -1050.0033859990738
3400.0 1000.0 -1049.6080852979223
3400.0 1100.0 -1049.7312902819699
3400.0 1200.0 -1055.1225158878444
3400.0 1300.0 -1055.9037624057903
3400.0 1400.0 -1066.3976817578639
3400.0 1500.0 -1063.7715801212719
3400.0 1600.0 -1076.3973853813866
3400.0 1700.0 -1075.0634794925886
3400.0 1800.0 -1081.5022305009154
3400.0 1900.0 -1079.1187988952481
3400.0 2000.0 -1079.5939622078024
3400.0 2100.0 -1075.7594886557154
3400.0 2200.0 -1076.658507680525
3400.0 2300.0 -1100.472395948643
3400.0 2400.0 -1085.0295412935582
3400.0 2500.0 -1089.1625320909943
3400.0 2600.0 -1084.5871613718552
3400.0 2700.0 -1085.5392033391695
3400.0 2800.0 -1068.9223879806486
3400.0 2900.0 -1063.5704154013042
3400.0 3000.0 -1065.237633044514
3400.0 3100.0 -1068.355478219544
3400.0 3200.0 -1071.0699940684897
3400.0 3300.0 -1071.6751343976946
3400.0 3400.0 -1069.416597936342
3400.0 3500.0 -1068.9728644151244
3400.0 3600.0 -1076.8089042433105
3400.0 3700.0 -1070.8247778069701
3400.0 3800.0 -1067.3660564674431
3400.0 3900.0 -1069.5852739934107
3400.0 4000.0 -1066.3159535919392
3400.0 4100.0 -1062.0870378146121
3500.0 0.0 -1046.1054156472978
3500.0 100.0 -1042.9750694240347
3500.0 200.0 -1045.0070658394764
3500.0 300.0 -1040.4977295835354
3500.0 400.0 -1054.5167777786676
3500.0 500.0 -1052.3147691930994
3500.0 600.0 -1045.5987877516664
3500.0 700.0 -1046.3969347555853
3500.0 800.0 -1049.1514081836092
3500.0 900.0 -1053.6522325927774
3500.0 1000.0 -1055.3307621221602
3500.0 1100.0 -1045.3401253900597
3500.0 1200.0 -1050.7004305799687
3500.0 1300.0 -1050.5365030646328
3500.0 1400.0 -1048.9343015129789
3500.0 1500.0 -1051.6886824183514
3500.0 1600.0 -1061.7385073809592
3500.0 1700.0 -1072.1690323936432
3500.0 1800.0 -1075.0717555425331
3500.0 1900.0 -1076.0346745470267
3500.0 2000.0 -1070.2712005826218
3500.0 2100.0 -1089.2864893476017
3500.0 2200.0 -1079.0711436110662
3500.0 2300.0 -1091.6537410323742
3500.0 2400.0 -1084.2973814963771
3500.0 2500.0 -1088.0606035691019
3500.0 2600.0 -1086.3763342271532
3500.0 2700.0 -1074.153304459488
3500.0 2800.0 -1060.9673195099131
3500.0 2900.0 -1061.6551045039712
3500.0 3000.0 -1067.7750402966237
3500.0 3100.0 -1068.3848448795939
3500.0 3200.0 -1069.2473821107162
3500.0 3300.0 -1067.7661986490987
3500.0 3400.0 -1069.838525299831
3500.0 3500.0 -1068.4636132099522
3500.0 3600.0 -1063.438275441473
3500.0 3700.0 -1066.2499774185503
3500.0 3800.0 -1063.9243710444619
3500.0 3900.0 -1067.5910231721066
3500.0 4000.0 -1060.6668318012289
3500.0 4100.0 -1056.5040532919088
3600.0 0.0 -1040.9097452679207
3600.0 100.0 -1037.0907601494464
3600.0 200.0 -1034.9287834736938
3600.0 300.0 -1034.9350535430854
3600.0 400.0 -1041.8436190005752
3600.0 500.0 -1045.7319162785154
3600.0 600.0 -1056.489533062728
3600.0 700.0 -1048.5032932255033
3600.0 800.0 -1050.7134330469082
3600.0 900.0 -1054.3072352921486
3600.0 1000.0 -1047.5781905857209
3600.0 1100.0 -1046.8921309851735
3600.0 1200.0 -1049.3752929627751
3600.0 1300.0 -1046.1572104311665
3600.0 1400.0 -1044.6673983062749
3600.0 1500.0 -1048.939211003993
3600.0 1600.0 -1056.2567305162993
3600.0 1700.0 -1064.1062033675225
3600.0 1800.0 -1071.2300565722228
3600.0 1900.0 -1079.1952445015129
3600.0 2000.0 -1072.8535880716929
3600.0 2100.0 -1070.9018913166501
3600.0 2200.0 -1075.0511222626192
3600.0 2300.0 -1081.042006144806
3600.0 2400.0 -1092.891497354188
3600.0 2500.0 -1087.4019665980734
3600.0 2600.0 -1093.0140891052733
3600.0 2700.0 -1073.3832925040933
3600.0 2800.0 -1074.8950358437521
3600.0 2900.0 -1061.4781686147196
3600.0 3000.0 -1060.5590297267365
3600.0 3100.0 -1067.937122776525
3600.0 3200.0 -1068.4004200767461
3600.0 3300.0 -1064.3168827249685
3600.0 3400.0 -1064.3475225573584
3600.0 3500.0 -1060.7718909021585
3600.0 3600.0 -1056.2942612071381
3600.0 3700.0 -1069.4794770241383
3600.0 3800.0 -1061.2926828461634
3600.0 3900.0 -1067.6477781236783
3600.0 4000.0 -1059.3713643955577
3600.0 4100.0 -1053.6801944471767
3700.0 0.0 -1040.5889723257073
3700.0 100.0 -1034.7136135632427
3700.0 200.0 -1034.3122619476962
3700.0 300.0 -1036.4005220086417
3700.0 400.0 -1040.2047660924115
3700.0 500.0 -1046.2082671038099
3700.0 600.0 -1047.0234522393228
3700.0 700.0 -1057.0972293584705
3700.0 800.0 -1051.8431994925243
3700.0 900.0 -1068.0853075303301
3700.0 1000.0 -1059.6062093127371
3700.0 1100.0 -1056.748694238416
3700.0 1200.0 -1047.2366776904144
3700.0 1300.0 -1043.6155435087328
3700.0 1400.0 -1042.9708780720516
3700.0 1500.0 -1048.4035885533578
3700.0 1600.0 -1055.2977233057554
3700.0 1700.0 -1064.0672259841056
3700.0 1800.0 -1072.1026380682747
3700.0 1900.0 -1075.9853517693707
3700.0 2000.0 -1076.5172615090041
3700.0 2100.0 -1075.3851941369778
3700.0 2200.0 -1073.2960235868827
3700.0 2300.0 -1074.6716645989691
3700.0 2400.0 -1084.1129313874255
3700.0 2500.0 -1085.2745762906627
3700.0 2600.0 -1086.1111572989957
3700.0 2700.0 -1083.5459644286673
3700.0 2800.0 -1067.4842825882256
3700.0 2900.0 -1061.9000114416706
3700.0 3000.0 -1069.5609028960641
3700.0 3100.0 -1068.3996310986454
3700.0 3200.0 -1072.6458901502283
3700.0 3300.0 -1062.4439836122549
3700.0 3400.0 -1056.866601009255
3700.0 3500.0 -1065.0397047464508
3700.0 3600.0 -1055.455986858708
3700.0 3700.0 -1061.2380476664785
3700.0 3800.0 -1056.1519138389563
3700.0 3900.0 -1069.7750819711223
3700.0 4000.0 -1061.7943134953018
3700.0 4100.0 -1052.4734514711688
3800.0 0.0 -1044.7965219614971
3800.0 100.0 -1039.2343915289005
3800.0 200.0 -1036.9852149337751
3800.0 300.0 -1039.7290091562497
3800.0 400.0 -1045.0461487225671
3800.0 500.0 -1044.5487648576129
3800.0 600.0 -1050.3580677198943
3800.0 700.0 -1058.9328711745461
3800.0 800.0 -1055.2286414892303
3800.0 900.0 -1051.9386457856231
3800.0 1000.0 -1051.0356640139232
3800.0 1100.0 -1049.9610235472769
3800.0 1200.0 -1045.6290424201211
3800.0 1300.0 -1044.7489931816399
3800.0 1400.0 -1048.2197592493008
3800.0 1500.0 -1061.1772876894124
3800.0 1600.0 -1062.8636690961423
3800.0 1700.0 -1062.6060787969882
3800.0 1800.0 -1075.4225807216335
3800.0 1900.0 -1071.7227833110464
3800.0 2000.0 -1071.283851485023
3800.0 2100.0 -1067.0267551640929
3800.0 2200.0 -1069.3674684904345
3800.0 2300.0 -1073.2889402125863
3800.0 2400.0 -1080.8950251792346
3800.0 2500.0 -1084.6276480971492
3800.0 2600.0 -1076.1165370695217
3800.0 2700.0 -1074.1468449718889
3800.0 2800.0 -1080.1547721639502
3800.0 2900.0 -1063.097836900316
3800.0 3000.0 -1067.0150403730831
3800.0 3100.0 -1086.0954010663017
3800.0 3200.0 -1063.8756125114205
3800.0 3300.0 -1056.480314964798
3800.0 3400.0 -1054.0920480818477
3800.0 3500.0 -1055.307798160417
3800.0 3600.0 -1066.9590281784363
3800.0 3700.0 -1056.2363802619384
3800.0 3800.0 -1052.7243460785173
3800.0 3900.0 -1063.2649429829348
3800.0 4000.0 -1057.2550248380696
3800.0 4100.0 -1051.8375773921084
3900.0 0.0 -1038.9935033931908
3900.0 100.0 -1043.6519888518364
3900.0 200.0 -1042.126788133181
3900.0 300.0 -1046.8114912959695
3900.0 400.0 -1046.1083206505048
3900.0 500.0 -1046.8963271269672
3900.0 600.0 -1048.3922847933059
3900.0 700.0 -1053.7550469172522
3900.0 800.0 -1054.5973232110973
3900.0 900.0 -1053.8038184167578
3900.0 1000.0 -1055.1444380047963
3900.0 1100.0 -1049.78188172613
3900.0 1200.0 -1051.4737511498085
3900.0 1300.0 -1052.7416827597478
3900.0 1400.0 -1063.6555988007362
3900.0 1500.0 -1066.3949294254464
3900.0 1600.0 -1052.54627994922
3900.0 1700.0 -1060.3361474915587
3900.0 1800.0 -1066.9932584023654
3900.0 1900.0 -1064.8601554036438
3900.0 2000.0 -1065.6813772476994
3900.0 2100.0 -1062.7326233626347
3900.0 2200.0 -1067.0046181994321
3900.0 2300.0 -1072.6722965124216
3900.0 2400.0 -1076.5354847722497
3900.0 2500.0 -1080.9153095360182
3900.0 2600.0 -1068.2849804310279
3900.0 2700.0 -1069.7035530152252
3900.0 2800.0 -1073.1334869427531
3900.0 2900.0 -1081.7911109363829
3900.0 3000.0 -1070.0196463186926
3900.0 3100.0 -1062.5753057909369
3900.0 3200.0 -1060.9169234636586
3900.0 3300.0 -1063.7999796572517
3900.0 3400.0 -1054.8985346584484
3900.0 3500.0 -1052.4850227910977
3900.0 3600.0 -1055.0933591963244
3900.0 3700.0 -1056.2753497314109
3900.0 3800.0 -1059.1766070193119
3900.0 3900.0 -1063.5252321524838
3900.0 4000.0 -1057.7208248001616
3900.0 4100.0 -1052.3134398357213
4000.0 0.0 -1036.5255110159833
4000.0 100.0 -1038.8287630809941
4000.0 200.0 -1049.1538102799605
4000.0 300.0 -1047.531678311477
4000.0 400.0 -1051.167714439923
4000.0 500.0 -1047.9721297982248
4000.0 600.0 -1045.2618931539939
4000.0 700.0 -1048.3744921558896
4000.0 800.0 -1056.2112541951528
4000.0 900.0 -1054.1607014983033
4000.0 1000.0 -1054.9307716987291
4000.0 1100.0 -1050.0488512344941
4000.0 1200.0 -1051.4246139720356
4000.0 1300.0 -1052.433595504368
4000.0 1400.0 -1046.0106593496103
4000.0 1500.0 -1047.2141692269531
4000.0 1600.0 -1053.7516701250515
4000.0 1700.0 -1056.7380813208003
4000.0 1800.0 -1062.0499138893267
4000.0 1900.0 -1072.0751375671155
4000.0 2000.0 -1056.0076684763505
4000.0 2100.0 -1056.2467793077653
4000.0 2200.0 -1064.4851078646204
4000.0 2300.0 -1072.5754488433577
4000.0 2400.0 -1066.7441073798536
4000.0 2500.0 -1072.8870215058955
4000.0 2600.0 -1074.0299198552843
4000.0 2700.0 -1069.0058498471947
4000.0 2800.0 -1064.7976514240422
4000.0 2900.0 -1060.935491250337
4000.0 3000.0 -1061.0867811636047
4000.0 3100.0 -1056.4900528404587
4000.0 3200.0 -1065.0995782297505
4000.0 3300.0 -1056.9142447731977
4000.0 3400.0 -1053.7527381181897
4000.0 3500.0 -1052.3660202133601
4000.0 3600.0 -1056.2944537007515
4000.0 3700.0 -1053.6944553563085
4000.0 3800.0 -1057.2540406026806
4000.0 3900.0 -1070.4625372060807
4000.0 4000.0 -1064.4929126304289
4000.0 4100.0 -1062.9888513774711
4100.0 0.0 -1034.8996628728642
4100.0 100.0 -1035.4494492017293
4100.0 200.0 -1035.7695593550372
4100.0 300.0 -1042.3293910483387
4100.0 400.0 -1038.2471790436653
4100.0 500.0 -1049.233934727738
4100.0 600.0 -1045.5962612980004
4100.0 700.0 -1044.3790211467253
4100.0 800.0 -1056.802192975083
4100.0 900.0 -1051.7939276872585
4100.0 1000.0 -1055.2997414807251
4100.0 1100.0 -1052.7504390263409
4100.0 1200.0 -1053.4613450518925
4100.0 1300.0 -1044.5456580272009
4100.0 1400.0 -1047.5425172544528
4100.0 1500.0 -1047.314959220289
4100.0 1600.0 -1051.3041199412241
4100.0 1700.0 -1060.4502017204366
4100.0 1800.0 -1066.407153720095
4100.0 1900.0 -1066.6581455541404
4100.0 2000.0 -1059.1541475412084
4100.0 2100.0 -1056.3359358613679
4100.0 2200.0 -1064.3428336050558
4100.0 2300.0 -1077.9871258506193
4100.0 2400.0 -1069.27755823599
4100.0 2500.0 -1079.9462115562458
4100.0 2600.0 -1070.7173941520978
4100.0 2700.0 -1070.9613330866487
4100.0 2800.0 -1062.5532597883878
4100.0 2900.0 -1057.6767797263683
4100.0 3000.0 -1057.1365109535643
4100.0 3100.0 -1056.8563801929995
4100.0 3200.0 -1061.2518555907609
4100.0 3300.0 -1055.214210848884
4100.0 3400.0 -1061.6317222696298
4100.0 3500.0 -1058.1835465980448
4100.0 3600.0 -1057.6927122059612
4100.0 3700.0 -1053.5257537731809
4100.0 3800.0 -1056.6411363271807
4100.0 3900.0 -1062.9978828485896
4100.0 4000.0 -1060.5709109559518
4100.0 4100.0 -1054.1418465501081
